"DECOMP" "DOC" "POC"
3 1 3
3.02339616646326 0.97208898232661 2.9897944911633
3.04696110582214 0.943960294381338 2.97950939239875
3.07069608058639 0.915612365956427 2.96914412956857
3.09460236254977 0.887043615098142 2.95869812424016
3.11868123285896 0.858252448020395 2.94817079365447
3.1429339820828 0.829237259017729 2.93756155069422
3.16736191028223 0.799996430377659 2.92686980385178
3.19196632708054 0.770528332292356 2.91609495719699
3.21674855173434 0.740831322769686 2.9052364103445
3.24170991320491 0.710903747543583 2.89429355842112
3.26685175023012 0.680743939983761 2.88326579203271
3.29217541139693 0.650350221004755 2.872152497231
3.31768225521435 0.619720898974288 2.86095305548001
3.34337365018699 0.588854269620961 2.84966684362236
3.36925097488913 0.557748615941256 2.83829323384525
3.39531561803933 0.52640220810585 2.82683159364615
3.42156897857564 0.49481330336524 2.8152812857984
3.44801246573129 0.462980145954657 2.80364166831633
3.47464749911101 0.430900966998292 2.79191209442031
3.50147550876784 0.398573984412796 2.78009191250145
3.52849793528062 0.365997402810076 2.76818046608605
3.55571622983192 0.333169413399363 2.75617709379979
3.58313185428662 0.300088193888564 2.74408112933168
3.61074628127109 0.26675190838487 2.73189190139769
3.63856099425288 0.233158707294642 2.71960873370417
3.66657748762107 0.199306727222542 2.70723094491094
3.69479726676718 0.165194090869927 2.69475784859415
3.72322184816669 0.130818906932483 2.68218875320889
3.75185275946112 0.0961792699971056 2.66952296205141
3.78069153954081 0.0612732604380135 2.65675977322119
3.80973973862819 0.0260989443120937 2.64389847958266
3.82578993509662 0.00952434934657048 2.63093836872663
3.83022018766741 0.00956447483774156 2.61792365772998
3.83467090820807 0.00957555046916852 2.6048938757394
3.83912175712325 0.00958667727052018 2.59184895312622
3.84357278316225 0.00959780439280813 2.57878888945373
3.84802399939247 0.00960893195790563 2.56571368411938
3.85247541891015 0.00962005999848117 2.55262333647618
3.85692705477812 0.00963118854727539 2.53951784583257
3.86137892002593 0.00964231763694529 2.52639721145256
3.86583102765009 0.00965344730006483 2.51326143255584
3.87028339061412 0.00966457756912523 2.50011050831789
3.8747360218487 0.0096757084765353 2.48694443787008
3.87918893425178 0.00968684005462175 2.4737632202998
3.88364214068875 0.00969797233562946 2.46056685465056
3.88809565399249 0.00970910535172187 2.44735533992211
3.89254948696355 0.00972023913498122 2.43412867507053
3.89700365237028 0.00973137371740888 2.42088685900837
3.90145816294888 0.00974250913092569 2.40762989060474
3.90591303140363 0.00975364540737221 2.39435776868542
3.9103682704069 0.00976478257850907 2.38107049203297
3.91482389259935 0.00977592067601724 2.36776805938684
3.91927991059002 0.00978705973149837 2.3544504694435
3.92373633695647 0.00979819977647506 2.3411177208565
3.92819318424486 0.00980934084239118 2.32776981223661
3.93265046497012 0.00982048296061216 2.31440674215192
3.93710819161603 0.00983162616242531 2.30102850912796
3.94156637663535 0.00984277047904007 2.28763511164777
3.94602503244996 0.00985391594158837 2.27422654815205
3.95048417145094 0.00986506258112489 2.26080281703922
3.95494380599872 0.00987621042862734 2.24736391666556
3.95940394842318 0.00988735951499679 2.23390984534531
3.96386461102378 0.00989850987105795 2.22044060135075
3.96832580606967 0.00990966152755946 2.20695618291233
3.97278754579978 0.00992081451517416 2.19345658821876
3.97724984242298 0.00993196886449944 2.1799418154171
3.98171270811819 0.00994312460605746 2.1664118626129
3.98617615503444 0.00995428177029547 2.15286672787028
3.99064019529106 0.0099654403875861 2.139306409212
3.99510484097775 0.00997660048822766 2.12573090461963
3.9995701041547 0.00998776210244438 2.11214021203359
4.00403599685269 0.00999892526038674 2.09853432935328
4.00850253107325 0.0100100899921317 2.08491325443717
4.01296971878872 0.0100212563276831 2.07127698510291
4.01743757194239 0.0100324242969718 2.05762551912741
4.02190610244861 0.010043593929856 2.04395885424697
4.02637532219289 0.0100547652561215 2.03027698815734
4.03084524303202 0.0100659383054822 2.01657991851384
4.03531587679418 0.01007711310758 2.00286764293147
4.03978723527904 0.0100882896919854 1.98914015898498
4.04425933025791 0.0100994680881976 1.97539746420897
4.04873217347378 0.0101106483256448 1.96163955609803
4.05320577664148 0.0101218304336844 1.94786643210676
4.0576801514478 0.0101330144416037 1.93407808964994
4.06215530955154 0.0101442003786195 1.92027452610258
4.06663126258367 0.0101553882738788 1.90645573880003
4.07110802214742 0.0101665781564592 1.89262172503807
4.07558559981841 0.0101777700553686 1.87877248207302
4.08006400714468 0.010188963999546 1.8649080071218
4.08454325564692 0.0102001600178617 1.85102829736207
4.08902335681844 0.0102113581391173 1.83713334993228
4.09350432212541 0.0102225583920461 1.82322316193179
4.09798616300685 0.0102337608053135 1.80929773042096
4.10246889087481 0.0102449654075171 1.79535705242122
4.10695251711443 0.010256172227187 1.78140112491519
4.1114370530841 0.0102673812927861 1.76742994484675
4.11592251011549 0.0102785926327103 1.75344350912117
4.12040889951372 0.0102898062752887 1.73944181460512
4.12489623255741 0.0103010222487843 1.72542485812686
4.12938452049883 0.0103122405813935 1.71139263647626
4.13387377456398 0.0103234613012471 1.6973451464049
4.13836400595267 0.0103346844364099 1.6832823846262
4.14285522583869 0.0103459100148817 1.66920434781547
4.14734744536982 0.0103571380645967 1.65511103260998
4.15184067566801 0.0103683686134246 1.64100243560913
4.15633492782945 0.01037960168917 1.62687855337444
4.16083021292464 0.0103908373195736 1.61273938242969
4.16532654199857 0.0104020755323116 1.59858491926103
4.16982392607072 0.0104133163549964 1.584415160317
4.17432237613525 0.0104245598151768 1.57023010200868
4.17882190316104 0.0104358059403381 1.55602974070972
4.18332251809182 0.0104470547579026 1.54181407275649
4.18782423184625 0.0104583062952296 1.52758309444812
4.19232705531803 0.0104695605796156 1.51333680204657
4.19683099937598 0.0104808176382951 1.49907519177678
4.20133607486419 0.01049207749844 1.4847982598267
4.20584229260203 0.0105033401871605 1.47050600234738
4.21034966338433 0.0105146057315051 1.45619841545309
4.21485819798144 0.0105258741584608 1.44187549522134
4.21936790713931 0.0105371454949536 1.42753723769303
4.22387880157962 0.0105484197678483 1.41318363887251
4.22839089199987 0.0105596970039491 1.39881469472762
4.23290418907344 0.0105709772299997 1.38443040118986
4.23741870344974 0.0105822604726836 1.37003075415436
4.24193444575426 0.0105935467586244 1.35561574948009
4.24645142658868 0.0106048361143856 1.34118538298981
4.25096965653096 0.0106161285664717 1.32673965047026
4.25548914613546 0.0106274241413274 1.31227854767218
4.260009905933 0.0106387228653387 1.2978020703104
4.26453194643096 0.0106500247648325 1.28331021406393
4.26905527811338 0.0106613298660774 1.26880297457604
4.27357991144106 0.0106726381952835 1.25428034745433
4.27810585685164 0.0106839497786027 1.23974232827082
4.28263312475967 0.0106952646421291 1.22518891256201
4.28716172555677 0.0107065828118992 1.21062009582899
4.29169166961164 0.0107179043138919 1.19603587353749
4.29622296727022 0.0107292291740291 1.18143624111796
4.30075562885572 0.0107405574181756 1.16682119396566
4.30528966466876 0.0107518890721393 1.15219072744075
4.30982508498744 0.0107632241616719 1.13754483686831
4.3143619000674 0.0107745627124686 1.12288351753849
4.31890012014199 0.0107859047501685 1.10820676470655
4.32343975542226 0.010797250300355 1.09351457359291
4.32798081609713 0.0108085993885557 1.07880693938328
4.33252331233343 0.0108199520402428 1.06408385722871
4.33706725427601 0.0108313082808336 1.04934532224564
4.34161265204782 0.01084266813569 1.03459132951602
4.34615951574999 0.0108540316301195 1.01982187408736
4.35070785546196 0.010865398789375 1.0050369509728
4.35525768124149 0.0108767696386549 0.990236555151205
4.35980900312482 0.0108881442031037 0.975420681567208
4.36436183112673 0.0108995225078121 0.96058932513131
4.3689161752406 0.0109109045778168 0.945742480719944
4.37347204543855 0.0109222904381015 0.930880143175545
4.37802945167146 0.0109336801135964 0.916002307306624
4.38258840386913 0.0109450736291787 0.901108967887843
4.3871489119403 0.0109564710096728 0.886200119660082
4.39171098577277 0.0109678722798508 0.871275757330514
4.39627463523347 0.0109792774644319 0.856335875572676
4.40083987016856 0.0109906865880837 0.841380469026538
4.40540670040348 0.0110020996754214 0.826409532298576
4.4099751357431 0.0110135167510087 0.811423059961842
4.41454518597171 0.0110249378393577 0.796421046556032
4.41911686085319 0.0110363629649293 0.781403486587557
4.42369017013104 0.011047792152133 0.766370374529615
4.42826512352849 0.0110592254253276 0.751321704822258
4.43284173074856 0.0110706628088212 0.736257471872458
4.43742000147417 0.0110821043268714 0.721177670054183
4.44199994536818 0.0110935500036854 0.706082293708459
4.44658157207352 0.0111049998634205 0.690971337143441
4.45116489121323 0.0111164539301838 0.675844794634481
4.45574991239057 0.0111279122280331 0.660702660424193
4.46033664518909 0.0111393747809764 0.645544928722525
4.46492509917271 0.0111508416129727 0.630371593706821
4.46951528388579 0.0111623127479318 0.615182649521892
4.47410720885322 0.0111737882097145 0.599978090280078
4.47870088358052 0.0111852680221331 0.584757910061321
4.48329631755388 0.0111967522089513 0.569522102913223
4.48789352024025 0.0112082407938847 0.554270662851116
4.49249250108745 0.0112197338006006 0.53900358385813
4.49709326952421 0.0112312312527186 0.523720859885252
4.50169583496027 0.0112427331738105 0.508422484851395
4.50630020678644 0.0112542395874007 0.493108452643462
4.5109063943747 0.0112657505169661 0.477778757116409
4.51551440707826 0.0112772659859368 0.462433392093311
4.52012425423166 0.0112887860176957 0.447072351365424
4.5247359451508 0.0113003106355791 0.43169562869225
4.52934948913307 0.011311839862877 0.416303217801601
4.5339648954574 0.0113233737228327 0.400895112389658
4.53858217338434 0.0113349122386435 0.38547130612104
4.54320133215614 0.0113464554334609 0.37003179262886
4.5478223809968 0.0113580033303903 0.354576565514792
4.55244532911219 0.011369555952492 0.339105618349131
4.5570701856901 0.0113811133227805 0.323618944670856
4.56169695990031 0.0113926754642253 0.308116537987689
4.56632566089467 0.0114042423997508 0.29259839177616
4.57095629780719 0.0114158141522367 0.277064499481664
4.57558887975407 0.011427390744518 0.261514854518525
4.58022341583385 0.0114389721993852 0.245949450270054
4.58485991512741 0.0114505585395846 0.230368280088611
4.58949838669806 0.0114621497878185 0.214771337295664
4.59413883959165 0.0114737459667451 0.199158615181849
4.5987812828366 0.0114853470989791 0.18353010700703
4.60342572544401 0.0114969532070915 0.167885806000358
4.60807217640769 0.01150856431361 0.152225705360328
4.61272064470428 0.0115201804410192 0.136549798254843
4.61737113929327 0.0115318016117607 0.120858077821264
4.62202366911712 0.0115434278482332 0.105150537166478
4.6266782431013 0.0115550591727928 0.0894271693669491
4.63133487015437 0.0115666956077532 0.0736879674687775
4.63599355916806 0.0115783371753859 0.0579329244877594
4.64065431901734 0.0115899838979202 0.0421620334094425
4.64531715856047 0.0116016357975434 0.0263752871891831
4.64925365673816 0.0116132928964012 0.0116132928964012
4.64284322627173 0.0116231341418454 0.0116231341418454
4.63647662255945 0.0116071080656793 0.0116071080656793
4.63011741916876 0.0115911915563986 0.0115911915563986
4.62376573941902 0.0115752935479219 0.0115752935479219
4.61742157849646 0.0115594143485476 0.0115594143485476
4.61108493201903 0.0115435539462412 0.0115435539462412
4.60475579558587 0.0115277123300476 0.0115277123300476
4.59843416477899 0.0115118894889647 0.0115118894889647
4.59212003516339 0.0114960854119475 0.0114960854119475
4.58581340228714 0.0114803000879085 0.0114803000879085
4.57951426168153 0.0114645335057179 0.0114645335057179
4.57322260886112 0.0114487856542038 0.0114487856542038
4.56693843932391 0.0114330565221528 0.0114330565221528
4.56066174855137 0.0114173460983098 0.0114173460983098
4.55439253200863 0.0114016543713784 0.0114016543713784
4.5481307851445 0.0113859813300216 0.0113859813300216
4.54187650339166 0.0113703269628613 0.0113703269628613
4.53562968216669 0.0113546912584792 0.0113546912584792
4.5293903168702 0.0113390742054167 0.0113390742054167
4.52315840288697 0.0113234757921755 0.0113234757921755
4.51693393558597 0.0113078960072174 0.0113078960072174
4.51071691032056 0.0112923348389649 0.0112923348389649
4.50450732242851 0.0112767922758014 0.0112767922758014
4.49830516723216 0.0112612683060713 0.0112612683060713
4.49211044003846 0.0112457629180804 0.0112457629180804
4.48592313613914 0.0112302761000961 0.0112302761000961
4.47974325081077 0.0112148078403479 0.0112148078403479
4.47357077931484 0.0111993581270269 0.0111993581270269
4.46740571689792 0.0111839269482871 0.0111839269482871
4.46124805879171 0.0111685142922448 0.0111685142922448
4.45509780021313 0.0111531201469793 0.0111531201469793
4.44895493636448 0.0111377445005328 0.0111377445005328
4.44281946243347 0.0111223873409112 0.0111223873409112
4.43669137359335 0.0111070486560837 0.0111070486560837
4.43057066500301 0.0110917284339834 0.0110917284339834
4.42445733180706 0.0110764266625075 0.0110764266625075
4.41835136913594 0.0110611433295177 0.0110611433295177
4.412252772106 0.0110458784228398 0.0110458784228398
4.40616153581961 0.011030631930265 0.011030631930265
4.40007765536526 0.011015403839549 0.011015403839549
4.39400112581763 0.0110001941384131 0.0110001941384131
4.3879319422377 0.0109850028145441 0.0109850028145441
4.38187009967285 0.0109698298555942 0.0109698298555942
4.37581559315693 0.0109546752491821 0.0109546752491821
4.36976841771039 0.0109395389828923 0.0109395389828923
4.36372856834032 0.010924421044276 0.010924421044276
4.35769604004061 0.0109093214208508 0.0109093214208508
4.35167082779196 0.0108942401001015 0.0108942401001015
4.34565292656204 0.0108791770694799 0.0108791770694799
4.33964233130556 0.0108641323164051 0.0108641323164051
4.33363903696435 0.0108491058282639 0.0108491058282639
4.32764303846745 0.0108340975924109 0.0108340975924109
4.32165433073121 0.0108191075961686 0.0108191075961686
4.31567290865938 0.010804135826828 0.010804135826828
4.30969876714319 0.0107891822716485 0.0107891822716485
4.30373190106143 0.010774246917858 0.010774246917858
4.29777230528058 0.0107593297526536 0.0107593297526536
4.29181997465484 0.0107444307632014 0.0107444307632014
4.28587490402626 0.0107295499366371 0.0107295499366371
4.27993708822482 0.0107146872600657 0.0107146872600657
4.2740065220685 0.0106998427205621 0.0106998427205621
4.26808320036338 0.0106850163051713 0.0106850163051713
4.26216711790372 0.0106702080009085 0.0106702080009085
4.25625826947204 0.0106554177947593 0.0106554177947593
4.25035664983923 0.0106406456736801 0.0106406456736801
4.24446225376462 0.0106258916245981 0.0106258916245981
4.23857507599604 0.0106111556344115 0.0106111556344115
4.23269511126994 0.0105964376899901 0.0105964376899901
4.22682235431146 0.0105817377781748 0.0105817377781748
4.22095679983452 0.0105670558857787 0.0105670558857787
4.2150984425419 0.0105523919995863 0.0105523919995863
4.20924727712529 0.0105377461063547 0.0105377461063547
4.20340329826545 0.0105231181928132 0.0105231181928132
4.1975665006322 0.0105085082456636 0.0105085082456636
4.19173687888457 0.0104939162515805 0.0104939162515805
4.18591442767085 0.0104793421972114 0.0104793421972114
4.18009914162869 0.0104647860691771 0.0104647860691771
4.17429101538515 0.0104502478540717 0.0104502478540717
4.16849004355682 0.0104357275384629 0.0104357275384629
4.16269622074986 0.0104212251088921 0.0104212251088921
4.1569095415601 0.0104067405518746 0.0104067405518746
4.15113000057315 0.0103922738539003 0.0103922738539003
4.14535759236439 0.0103778250014329 0.0103778250014329
4.13959231149917 0.010363393980911 0.010363393980911
4.13383415253277 0.0103489807787479 0.0103489807787479
4.12808311001057 0.0103345853813319 0.0103345853813319
4.12233917846806 0.0103202077750264 0.0103202077750264
4.11660235243097 0.0103058479461701 0.0103058479461701
4.11087262641531 0.0102915058810774 0.0102915058810774
4.10514999492747 0.0102771815660383 0.0102771815660383
4.09943445246428 0.0102628749873187 0.0102628749873187
4.09372599351309 0.0102485861311607 0.0102485861311607
4.08802461255185 0.0102343149837827 0.0102343149837827
4.0823303040492 0.0102200615313796 0.0102200615313796
4.07664306246449 0.010205825760123 0.010205825760123
4.07096288224793 0.0101916076561612 0.0101916076561612
4.06528975784062 0.0101774072056198 0.0101774072056198
4.05962368367461 0.0101632243946015 0.0101632243946015
4.05396465417302 0.0101490592091865 0.0101490592091865
4.04831266375007 0.0101349116354325 0.0101349116354325
4.04266770681118 0.0101207816593752 0.0101207816593752
4.03702977775304 0.010106669267028 0.010106669267028
4.03139887096366 0.0100925744443826 0.0100925744443826
4.02577498082248 0.0100784971774092 0.0100784971774092
4.0201581017004 0.0100644374520562 0.0100644374520562
4.01454822795988 0.010050395254251 0.010050395254251
4.008945353955 0.0100363705698997 0.0100363705698997
4.00334947403154 0.0100223633848875 0.0100223633848875
3.99776058252704 0.0100083736850788 0.0100083736850788
3.99217867377087 0.00999440145631759 0.00999440145631759
3.98660374208431 0.00998044668442717 0.00998044668442717
3.98103578178062 0.00996650935521078 0.00996650935521078
3.97547478716509 0.00995258945445156 0.00995258945445156
3.96992075253513 0.00993868696791273 0.00993868696791273
3.96437367218033 0.00992480188133783 0.00992480188133783
3.95883354038252 0.00991093418045082 0.00991093418045082
3.95330035141587 0.00989708385095631 0.00989708385095631
3.94777409954691 0.00988325087853968 0.00988325087853968
3.94225477903464 0.00986943524886728 0.00986943524886728
3.93674238413057 0.0098556369475866 0.0098556369475866
3.9312369090788 0.00984185596032643 0.00984185596032643
3.92573834811609 0.00982809227269701 0.00982809227269701
3.92024669547191 0.00981434587029023 0.00981434587029023
3.91476194536852 0.00980061673867977 0.00980061673867977
3.90928409202103 0.0097869048634213 0.0097869048634213
3.90381312963747 0.00977321023005257 0.00977321023005257
3.89834905241885 0.00975953282409367 0.00975953282409367
3.89289185455923 0.00974587263104712 0.00974587263104712
3.88744153024578 0.00973222963639808 0.00973222963639808
3.88199807365884 0.00971860382561445 0.00971860382561445
3.87656147897201 0.00970499518414711 0.00970499518414711
3.87113174035217 0.00969140369743002 0.00969140369743002
3.86570885195957 0.00967782935088041 0.00967782935088041
3.86029280794791 0.00966427212989892 0.00966427212989892
3.85488360246436 0.00965073201986976 0.00965073201986976
3.84948122964967 0.0096372090061609 0.0096372090061609
3.84408568363818 0.00962370307412417 0.00962370307412417
3.83869695855794 0.00961021420909546 0.00961021420909546
3.83331504853073 0.00959674239639486 0.00959674239639486
3.82793994767212 0.00958328762132682 0.00958328762132682
3.82257165009156 0.0095698498691803 0.0095698498691803
3.81721014989243 0.0095564291252289 0.0095564291252289
3.81185544117208 0.00954302537473107 0.00954302537473107
3.80650751802193 0.00952963860293021 0.00952963860293021
3.80116637452748 0.00951626879505482 0.00951626879505482
3.79583200476843 0.00950291593631871 0.00950291593631871
3.79050440281867 0.00948958001192107 0.00948958001192107
3.7851835627464 0.00947626100704667 0.00947626100704667
3.77986947861417 0.00946295890686601 0.00946295890686601
3.77456214447892 0.00944967369653544 0.00944967369653544
