"DECOMP" "DOC" "POC"
3 1 3
10.5068710248823 0.988196327442203 -7.71699122312241
-8.79503037375942 0.976531981570258 19.8480323727726
40.6219161931889 0.965005317817587 -50.7155093046795
-85.2701164411021 0.953614711029535 129.056312383187
233.91679520429 0.942358555234245 -326.72930095422
-571.386978641355 0.931235263416222 823.216239939795
1450.39728301102 0.920243267292583 -2063.8098990042
-3600.22078534351 0.909381017091944 5148.26333157224
8953.41786828433 0.898646981335915 -12777.7789931994
-22091.3338603738 0.888039646623173 31552.692727051
54288.5595684041 0.877557517416092 -77514.0900120872
-132659.299151102 0.86719911582988 189437.958988005
322528.66398962 0.856962981424213 -460546.277957323
-779944.114736669 0.846847670997328 1113723.71343118
1876065.51148022 0.836851758382543 -2678904.43212702
-4488279.47969959 0.826973834247179 6408996.85498729
10679343.5198415 0.81721250589386 -15249418.2483552
-25270609.7569022 0.807566397064152 36084773.5650178
59466409.0458811 0.798034147744527 -84913959.1211742
-139151740.368943 0.788614413974611 198698826.320234
323774965.449954 0.779305867657695 -462326856.823615
-749051665.423398 0.770107196373494 1069588812.36602
1722940602.04751 0.761017103193099 -2460223601.8701
-3939986395.48887 0.752034306496125 5625980093.33093
8956961410.14924 0.743157539790015 -12789788229.5799
-20241546960.1989 0.734385551531476 28903173096.4776
45469371926.709 0.725717104950021 -64926193427.0374
-101522309229.814 0.717150977873599 144964488142.449
225292169429.687 0.708685962556275 -321695790708.479
-496875242990.177 0.700320865507954 709489172385.415
1089029440013.22 0.692054507326105 -1555024213527.3
-2371903423662.91 0.683885722529481 3386831957210.01
5133261519979.81 0.675813359393791 -7329749597800.3
-11038306220372.1 0.667836279789322 15761490185159.6
23582918961090.6 0.659953359020471 -33673749417886.3
-50055514066577.9 0.652163485667176 71473477223866.3
105545195628481 0.644465561428209 -150705989096075
-221070030278056 0.636858500966334 315661022494060
459937226795529 0.629341231755278 -656732766117608
-950422528067689 0.621912693928518 1357081303915284
1950546330534796 0.614571840129849 -2785123302956694
-3975473543503442 0.607317635365714 5676439632103928
8046108951613002 0.600149056859281 -11488730774754912
-16170316552261656 0.593065093906244 23088921140169712
32266923612354632 0.586064747732316 -46072485559527280
-63925422237188392 0.579147031352416 91276007960650576
125729431932373216 0.572310969431512 -179522514948214848
-245480850359863584 0.565555598147107 350508468115125376
475757153806789632 0.55887996505335 -679305507443608064
-915186298960446848 0.552283128946747 1306737088322857984
1747267100561936640 0.545764159733465 -2494806654639917056
-3310575732516245504 0.53932213829819 4726938963113422848
6224589487943450624 0.532956156374547 -8887631546687894528
-11613124237124141056 0.52666531641704 16581478225934497792
21497427337180856320 0.520448731474505 -30694424471135940608
-39481217309558358016 0.514305525065059 56371859108483260416
71933044966930923520 0.508234831052526 -1.02706770106552e+20
-1.3000711528709e+20 0.502235793524315 1.85625030874263e+20
2.33062889955672e+20 0.496307566670748 -3.32767818511211e+20
-4.14393251696219e+20 0.49044931466581 5.91670106227299e+20
7.30721056871226e+20 0.484660211549299 -1.04331949190113e+21
-1.27777818726855e+21 0.478939441110379 1.82439931174811e+21
2.21558975726029e+21 0.473286196772498 -3.16338822717752e+21
-3.80906176504035e+21 0.46769968147967 5.43850911234356e+21
6.49240858580054e+21 0.462179107584098 -9.26971482793262e+21
-1.09702574395277e+22 0.456723696735121 1.56630386184239e+22
1.8374457704381e+22 0.451332679769473 -2.62344753212182e+22
-3.05043769390566e+22 0.446005296602841 4.35530574743262e+22
5.01906098790214e+22 0.440740796122699 -7.16601286009159e+22
-8.18385297038893e+22 0.435538436082404 1.16845376639216e+23
1.32230033784896e+23 0.430397482996552 -1.88791488638255e+23
-2.11690231373202e+23 0.425317212037561 3.02239825800918e+23
3.35761554286267e+23 0.420296906933474 -4.79380531788238e+23
-5.275712461633e+23 0.415335859866977 7.53232551237672e+23
8.21128943475088e+23 0.410433371375596 -1.17235149557539e+24
-1.26584725585405e+24 0.405588750253086 1.80728351287307e+24
1.93263599813197e+24 0.400801313451973 -2.75926574870155e+24
-2.92197335955634e+24 0.396070385987251 4.17174911371432e+24
4.37439464233824e+24 0.391395300841217 -6.24537237465031e+24
-6.48384697832233e+24 0.386775398869427 9.25702766634548e+24
9.51431799617938e+24 0.382210028707761 -1.35835997679891e+25
-1.38200351244285e+25 0.377698546680589 1.97308025800304e+25
1.9869324738218e+25 0.373240316710016 -2.83672400056266e+25
-2.82718911857935e+25 0.368834710226202 4.03633484756651e+25
3.98088032276521e+25 0.364481106078742 -5.68342037767162e+25
-5.54638474389972e+25 0.360178890449085 7.91842783115807e+25
7.64541290271941e+25 0.355927456763994 -1.09151122681323e+26
-1.04256899027196e+26 0.351726205610022 1.48843658548461e+26
1.40628623671624e+26 0.347574544649005 -2.00769394809081e+26
-1.87611385403025e+26 0.343471888534543 2.67843556818264e+26
2.47520953819237e+26 0.339417658829473 -3.53372046244818e+26
-3.22910462878598e+26 0.335411283924316 4.60999575565333e+26
4.16503775555378e+26 0.331452198956683 -5.94614528348463e+26
-5.31093508294411e+26 0.327539845731637 7.5820336906076e+26
6.69400495101971e+26 0.32367367264299 -9.55650006844869e+26
-8.33894296540423e+26 0.319853134595532 1.19047955158333e+27
1.02657819300329e+27 0.316077692928182 -1.46555137427224e+27
-1.2487467850628e+27 0.312346815338034 1.78271306969431e+27
1.50072951957213e+27 0.308659975805313 -2.14243433667331e+27
-1.78163864832271e+27 0.30501665451921 2.54344719706309e+27
2.08914462679273e+27 0.30141633780459 -2.98242539885541e+27
-2.41930499444984e+27 0.297858518049575 3.45374017871941e+27
2.76647356110969e+27 0.294342693633967 -3.94933067566325e+27
-3.12331459091948e+27 0.290868368858532 4.4587242410332e+27
3.48094121767414e+27 0.287435053875105 -4.96923409712e+27
-3.82918851799383e+27 0.284042264617531 5.46634922265351e+27
4.15701996597669e+27 0.28068952273341 -5.93431463619439e+27
-4.45305235802795e+27 0.277376355516661 6.35688078388515e+27
4.7061701544286e+27 0.274102295840867 -6.71818055028558e+27
-4.90618728190678e+27 0.270866882093421 7.00367399414834e+27
5.04450462803973e+27 0.267669658110439 -7.20108690445688e+27
-5.1147064088451e+27 0.264510173112446 7.30126206688993e+27
5.11303951722314e+27 0.261387981640821 -7.29884345661717e+27
-5.03872735946461e+27 0.258302643494989 7.19272413968557e+27
4.8940831825535e+27 0.255253723670361 -6.98620793314146e+27
-4.68440620584264e+27 0.252240792296998 6.68686101489042e+27
4.41766493635969e+27 0.249263424579005 -6.3060597463861e+27
-4.10399329449297e+27 0.246321200734639 5.85827130139693e+27
3.75504389427972e+27 0.243413705937124 -5.36013041121871e+27
-3.38325657744907e+27 0.240540530256163 4.82939516862038e+27
3.00110732723225e+27 0.23770126860014 -4.28387485968696e+27
-2.62040217266331e+27 0.234895520659011 3.74042205303405e+27
2.25167290025757e+27 0.232122890847859 -3.21407004648293e+27
-1.90371760185147e+27 0.229382988251122 2.71737708602942e+27
1.58331138092009e+27 0.226675426567477 -2.2600134944974e+27
-1.29509342629197e+27 0.223999824055375 1.84860056284643e+27
1.04161867507209e+27 0.221355803479222 -1.48678438176018e+27
-8.23547587652391e+26 0.218742992056185 1.17550681068536e+27
6.39937635658778e+26 0.216161021403641 -9.13421620642773e+26
-4.88595611748575e+26 0.213609527487234 6.97397437862748e+26
3.66450620398182e+26 0.211088150569549 -5.23050188893158e+26
-2.69912708211903e+26 0.208596535159395 3.85255029220396e+26
1.95190179380042e+26 0.206134329961682 -2.78599282964785e+26
-1.38548167893997e+26 0.203701187827894 1.97751519899457e+26
9.6500535180005e+25 0.201296765707139 -1.37735452703631e+26
-6.59354522929689e+25 0.198920724597789 9.4109171110946e+25
4.41813446538058e+25 0.196572729499677 -6.30592485581043e+25
-2.90239017367343e+25 0.19425244936687 4.14250005469806e+25
1.86866537701331e+25 0.191959557060994 -2.66707418162513e+25
-1.17875509058042e+25 0.189693729305106 1.6823793462723e+25
7.28256821761589e+24 0.187454646638121 -1.03939748187932e+25
-4.40516390474696e+24 0.185241993369767 6.28717985268746e+24
2.60794466437272e+24 0.183055457536077 -3.72210703768763e+24
-1.51053252115108e+24 0.180894730855403 2.15584334592272e+24
8.55633616235098e+23 0.178759508684956 -1.22115713779793e+24
-4.7380098629236e+23 0.176649489977846 6.76201650920791e+23
2.56372852568645e+23 0.174564377240645 -3.6588854533859e+23
-1.3549601265771e+23 0.172503876491441 1.93374748872129e+23
6.99136947122342e+22 0.170467697218386 -9.97773416292401e+22
-3.52025412553368e+22 0.168455552338738 5.02388946929064e+22
1.72881267600368e+22 0.166467158158389 -2.46723398835087e+22
-8.27677100304213e+21 0.16450223433186 1.18118966492612e+22
3.86082471783632e+21 0.162560503822781 -5.50978987127298e+21
-1.7537265502033e+21 0.160641692864827 2.50272445867398e+21
7.75267359659239e+20 0.15874553092312 -1.10636599852207e+21
-3.33335787635068e+20 0.15687175065609 4.75691496127668e+20
1.39307064722692e+20 0.155020087877777 -1.98798287695628e+20
-56549761697341276160 0.153190281520587 80698663480013193216
22281558084494372864 0.151382073598481 -31796329576114847744
-8515122703932456960 0.149595209170604 1.2151182497171e+19
3153727993652503552 0.14782943630534 -4500357522156238848
-1131040882333785088 0.146084506044788 1613982883552060928
392445004387291520 0.144360172369667 -560001867015904768
-131609555539327424 0.142656192164629 187806550727006656
42624735626784928 0.140972325183975 -60817559034140992
-13309346248526044 0.139308334017793 18996933497103000
4010475328074643 0.137663984058474 -5717148727508284
-1156580400511926 0.136039043467646 1655765580483797
326776631337046 0.134433283143478 -460837507013637
-82483676060302.2 0.132846476688383 123119839343995
25871949764799.4 0.131278400377097 -31497161100306.5
-1627751359571.35 0.129728833125134 7732686327870.05
5040315593709.6 0.12819755645762 -1789635566760.8
3487467040845.37 0.126684354478485 417918832487.304
3823585991056.2 0.125189013840025 -69724240044.2729
3746009560915.71 0.123711323712824 32905833032.7473
3754621063715.96 0.122251075756026 12576522830.4194
3746203823642.73 0.120808064087963 16555534941.3684
3740982135365.54 0.119382085257128 15987510000.9779
3735205053405.82 0.117972938213486 16224093939.0798
3729529189839.37 0.116580424280132 16328459633.8605
3723846365154.94 0.115204347125281 16454932347.6769
3718173263778.71 0.113844512734579 16579692102.6696
3712507455978.16 0.112500729383758 16706189109.6501
3706849244534.99 0.111172807611599 16833975194.2295
3701198569001.28 0.109860560193221 16963120432.672
3695555413523.35 0.108563802113684 17093631324.714
3689919757152.84 0.107282350541905 17225521682.1765
3684291579411.64 0.106016024804877 17358804689.9895
3678670859722.43 0.104764646362201 17493493718.7025
3673057577460.85 0.103528038780908 17629602250.1242
3667451711950.73 0.102306027710588 17767143884.3102
3661853242463.92 0.101098440858803 17906132339.8641
3656262148219.82 0.0999051079668019 18046581454.7229
3650678408384.96 0.0987258607855105 18188505186.9117
3645102002072.52 0.0975605330518117 18331917615.2966
3639532908341.88 0.096408960465104 18476832940.3375
3633971106198.22 0.0952709806641363 18623265484.8374
3628416574592.03 0.0941464332041167 18771229694.6911
3622869292418.68 0.0930351595340908 18920740139.6301
3617329238518.02 0.0919370029745881 19071811513.9662
3611796391673.89 0.0908518086955308 19224458637.3314
3606270730613.72 0.0897794236944052 19378696455.4154
3600752234008.1 0.0887196967746887 19534540040.7
3595240880470.35 0.0876724785245333 19692004593.1896
3589736648556.08 0.0866376212956993 19851105441.1387
3584239516762.8 0.0856149791827384 20011858041.7752
3578749463529.49 0.0846044080024228 20174277982.0196
3573266467236.17 0.083605765273416 20338380979.2005
3567790506203.52 0.0826189101961846 20504182881.7647
3562321558692.47 0.0816437036331468 20671699669.9832
3556859602903.76 0.0806800080890553 20840947456.6516
3551404616977.61 0.0797276876916117 21011942487.7861
3545956578993.28 0.0787866081723097 21184701143.3127
3540515466968.68 0.0778566368475043 21359239937.752
3535081258860.03 0.0769376425997051 21535575520.8965
3529653932561.43 0.0760294958590894 21713724678.4827
3524233465904.53 0.0751320685852343 21893704332.8558
3518819836658.13 0.0742452342490643 22075531543.6278
3513413022527.86 0.0733688678150114 22259223508.3287
3508013001155.76 0.0725028457233868 22444797563.0492
3502619750120.01 0.0716470458729595 22632271183.0765
3497233246934.52 0.0708013476037416 22821661983.5214
3491853469048.63 0.0699656316799763 23012987719.9377
3486480393846.76 0.0691397802733265 23206266288.9317
3481113998648.11 0.0683236769462621 23401515728.7635
3475754260706.32 0.0675172066356438 23598754219.9384
3470401157209.16 0.0667202556364995 23798000085.7889
3465054665278.27 0.0659327115859938 23999271793.0464
3459714761968.81 0.0651544634475851 24202587952.402
3454381424269.2 0.0643854014953709 24407967319.0574
3449054629100.85 0.0636254172986172 24615428793.2639
3443734353317.89 0.0628744037064712 24824991420.8499
3438420573706.89 0.0621322548328533 25036674393.7369
3433113266986.64 0.0613988660415287 25250497050.4428
3427812409807.87 0.0606741339313545 25466478876.5727
3422517978753.05 0.0599579563217009 25684639505.2963
3417229950336.16 0.0592502322380448 25904998717.8126
3411948301002.47 0.0585508618977335 26127576443.7997
3406673007128.33 0.0578597466959159 26352392761.8513
3401404045021.01 0.0571767891916403 26579467899.8974
3396141390918.48 0.056501893094116 26808822235.6108
3390885020989.27 0.0558349632491374 27040476296.7981
3385634911332.3 0.055175905625668 27274450761.7736
3380391037976.75 0.0545246273025827 27510766459.7178
3375153376881.87 0.0538810364555671 27749444371.0189
3369921903936.94 0.0532450423441709 27990505627.5966
3364696594961.11 0.0526165552990143 28233971513.2081
3359477425703.3 0.0519954867091455 28479863463.7365
3354264371842.14 0.0513817490095475 28728203067.4594
3349057408985.89 0.0507752556687919 28979012065.2996
3343856512672.38 0.0501759211768391 29232312351.0547
3338661658368.99 0.0495836610329819 29488125971.6077
3333472821472.58 0.0489983917339318 29746475127.1163
3328289977309.53 0.0484200307620458 30007382171.181
3323113101135.69 0.0478484965736922 30270869610.9921
3317942168136.47 0.0472837085877534 30536960107.4538
3312777153426.78 0.0467255871742653 30805676475.2859
3307618032051.17 0.0461740536431895 31077041683.1024
3302464778983.84 0.0456290302333192 31351078853.4659
3297317369128.75 0.0450904401013153 31627811262.9183
3292175777319.71 0.0445582073108724 31907262341.986
3287039978320.51 0.0440322568220124 32189455675.1603
3281909946825.04 0.0435125144805046 32474415000.8513
3276785657457.48 0.0429989070074103 32762164211.3157
3271667084772.42 0.0424913619887517 33052727352.5575
3266554203255.12 0.0419898078653017 33346128624.2007
3261446987321.64 0.0414941739224948 33642392379.3339
3256345411319.16 0.0410043902804575 33941543124.3267
3251249449526.18 0.0405203878841548 34243605518.6159
3246159076152.8 0.0400420984936554 34548604374.462
3241074265341.02 0.0395694546745092 34856564656.6756
3235994991165.07 0.0391023897882407 35167511482.3117
3230921227631.71 0.038640837982953 35481470120.3331
3225852948680.62 0.0381847341840434 35798465991.241
3220790128184.8 0.0377340140850284 36118524666.6729
3215732739950.92 0.0372886141384774 36441671868.9662
3210680757719.79 0.0368484715470528 36767933470.6886
3205634155166.8 0.0364135242546561 37097335494.1328
3200592905902.4 0.0359837109376788 37429904110.7761
3195556983472.6 0.035558970996356 37765665640.7042
3190526361359.48 0.0351392445462228 38104646551.9971
3185501012981.79 0.0347244724096709 38446873460.0793
3180480911695.45 0.0343145961076049 38792373127.0305
3175466030794.23 0.0339095578511977 39141172460.8585
3170456343510.32 0.0335093005337425 39493298514.7324
3165451823015.05 0.0331137677226014 39848778486.1762
3160452442419.5 0.0327229036512488 40207639716.2213
3155458174775.26 0.0323366532114092 40569909688.5182
3150468993075.18 0.0319549619452867 40935616028.406
3145484870254.09 0.0315777760378877 41304786501.9397
3140505779189.66 0.031205042309433 41677449014.8735
3135531692703.16 0.0308367082078603 42053631611.6014
3130562583560.39 0.0304727218014143 42433362474.0521
3125598424472.51 0.0301130317713256 42816669920.5395
3120639188096.98 0.0297575874045744 43203582404.5672
3115684847038.53 0.0294063385867408 43594128513.5858
3110735373850.09 0.0290592357949392 43988336967.7046
3105790741033.86 0.0287162300908359 44386236618.3534
3100850921042.33 0.0283772731137493 44787856446.8978
3095915886279.35 0.0280423170738315 45193225563.2042
3090985609101.27 0.02771131474533 45602373204.1553
3086060061818.04 0.0273842194599301 46015328732.1153
3081139216694.46 0.0270609851001743 46432121633.3438
3076223045951.3 0.0267415660929604 46852781516.3584
3071311521766.66 0.0264259174031164 47277338110.2447
3066404616277.14 0.0261139945270506 47705821262.9129
3061502301579.25 0.0258057534864772 48138260939.3017
3056604549730.73 0.0255011508222156 48574687219.527
3051711332751.92 0.0252001435880632 49015130296.9765
3046822622627.23 0.0249026893447403 49459620476.3484
3041938391306.59 0.0246087461539064 49908188171.6339
3037058610706.94 0.0243182725722478 50360863904.0432
3032183252713.8 0.0240312276456337 50817678299.8744
3027312289182.82 0.0237475709033428 51278662088.324
3022445691941.4 0.0234672623523567 51743846099.2392
3017583432790.39 0.0231902624717215 52213261260.8112
3012725483505.73 0.022916532206976 52686938597.2088
3007871815840.21 0.0226460329646446 53164909226.1513
3003022401525.26 0.0223787266067969 53647204356.4217
2998177212272.75 0.0221145754456698 54133855285.3178
2993336219776.83 0.0218535422383544 54624893396.0414
2988499395715.88 0.0215955901815449 55120350155.026
2983666711754.38 0.0213406829063496 55620257109.2004
2978838139544.96 0.0210887844731633 56124645883.1902
2974013650730.36 0.0208398593666001 56633548176.4544
2969193216945.53 0.0205938724904862 57146995760.3586
2964376809819.73 0.0203507891629115 57665020475.1824
2959564400978.69 0.0201105751113398 58187654227.0627
2954755962046.76 0.0198731964677765 58714928984.8702
2949951464649.18 0.0196386197639941 59246876777.0207
2945150880414.37 0.0194068119268129 59783529688.2196
2940354180976.2 0.019177740273438 60324919856.1392
2935561337976.42 0.0189513725068519 60871079468.0293
2930772323066.99 0.0187276767112602 61422040757.2596
2925987107912.62 0.0185066213475922 61977835999.795
2921205664193.18 0.0182881752490541 62538497510.6015
2916427963606.32 0.0180723076167346 63104057639.9845
2911653977870 0.0178589880152629 63674548769.8576
2906883678725.14 0.0176481863685172 64250003309.9429
2902117037938.28 0.0174398729553842 64830453693.9014
2897354027304.33 0.0172340184055693 65415932375.3939
2892594618649.3 0.0170305936954549 66006471824.0722
2887838783833.12 0.0168295701440089 66602104521.5007
2883086494752.52 0.0166309194087405 67202862957.0072
2878337723343.87 0.0164346134817046 67808779623.4638
2873592441586.18 0.0162406246855527 68419887012.9976
2868850621504.06 0.0160489256696303 69036217612.6304
2864112235170.75 0.0158594894061216 69657803899.8487
2859377254711.22 0.0156722891862379 70284678338.1021
2854645652305.26 0.0154872986164524 70916873372.2322
2849917400190.69 0.015304491614779 71554421423.8304
2845192470666.51 0.0151238424070946 72197354886.5249
2840470836096.24 0.0149453255235056 72845706121.1981
2835752468911.14 0.0147689157947564 73499507451.1325
2831037341613.61 0.0145945883486814 74158791157.088
2826325426780.54 0.0144223186066978 74823589472.3073
2821616697066.76 0.0142520822803401 75493934577.4528
2816911125208.55 0.0140838553678362 76169858595.4733
2812208684027.09 0.0139176141507229 76851393586.4014
2807509346432.07 0.013753335190502 77538571542.0813
2802813085425.3 0.0135909953253357 78231424380.8288
2798119874104.33 0.0134305716667809 78929983942.0218
2793429685666.15 0.0132720415965622 79634281980.6228
